#Data processed by www.woodfortrees.org
#Please check original source for first-hand data and information:
#
#----------------------------------------------------
#Data from Hadley Centre
#http://www.metoffice.gov.uk/hadobs/hadcrut4/data/download.html
#For terms and conditions of use, please see
#http://www.metoffice.gov.uk/hadobs/hadcrut4/terms_and_conditions.html
#----------------------------------------------------
#
#File: hadcrut4_monthly_ns_avg.txt
#
#Time series (hadcrut4) from 1850 to 2019.42
#Averaged with 12-sample running mean
1850.5	-0.376417
1850.58	-0.34275
1850.67	-0.348583
1850.75	-0.3275
1850.83	-0.317333
1850.92	-0.314667
1851	-0.313333
1851.08	-0.320583
1851.17	-0.313917
1851.25	-0.28575
1851.33	-0.252917
1851.42	-0.239
1851.5	-0.221833
1851.58	-0.223417
1851.67	-0.2335
1851.75	-0.235417
1851.83	-0.245083
1851.92	-0.238083
1852	-0.225
1852.08	-0.208833
1852.17	-0.212583
1852.25	-0.214583
1852.33	-0.227833
1852.42	-0.24225
1852.5	-0.231917
1852.58	-0.220833
1852.67	-0.208333
1852.75	-0.19225
1852.83	-0.175417
1852.92	-0.180167
1853	-0.191417
1853.08	-0.194833
1853.17	-0.190333
1853.25	-0.213583
1853.33	-0.22575
1853.42	-0.230917
1853.5	-0.273417
1853.58	-0.288667
1853.67	-0.284917
1853.75	-0.283
1853.83	-0.282833
1853.92	-0.279917
1854	-0.283583
1854.08	-0.297583
1854.17	-0.299167
1854.25	-0.275417
1854.33	-0.26125
1854.42	-0.270583
1854.5	-0.253583
1854.58	-0.23725
1854.67	-0.247167
1854.75	-0.248833
1854.83	-0.238
1854.92	-0.24675
1855	-0.242417
1855.08	-0.246083
1855.17	-0.24575
1855.25	-0.263833
1855.33	-0.265917
1855.42	-0.253167
1855.5	-0.276917
1855.58	-0.273
1855.67	-0.270917
1855.75	-0.289417
1855.83	-0.3025
1855.92	-0.285083
1856	-0.295417
1856.08	-0.298167
1856.17	-0.310333
1856.25	-0.32075
1856.33	-0.33525
1856.42	-0.368083
1856.5	-0.362333
1856.58	-0.394917
1856.67	-0.392333
1856.75	-0.3845
1856.83	-0.406917
1856.92	-0.443667
1857	-0.44525
1857.08	-0.465
1857.17	-0.466667
1857.25	-0.461
1857.33	-0.467917
1857.42	-0.472917
1857.5	-0.465333
1857.58	-0.466583
1857.67	-0.496833
1857.75	-0.506333
1857.83	-0.494917
1857.92	-0.501833
1858	-0.5245
1858.08	-0.506833
1858.17	-0.502583
1858.25	-0.4975
1858.33	-0.475583
1858.42	-0.4735
1858.5	-0.469
1858.58	-0.450667
1858.67	-0.407417
1858.75	-0.389
1858.83	-0.362583
1858.92	-0.33375
1859	-0.305917
1859.08	-0.301333
1859.17	-0.2865
1859.25	-0.305917
1859.33	-0.309083
1859.42	-0.28175
1859.5	-0.286667
1859.58	-0.276083
1859.67	-0.295833
1859.75	-0.322083
1859.83	-0.3335
1859.92	-0.332333
1860	-0.337417
1860.08	-0.323667
1860.17	-0.3305
1860.25	-0.3015
1860.33	-0.297
1860.42	-0.313667
1860.5	-0.346917
1860.58	-0.40625
1860.67	-0.413083
1860.75	-0.39825
1860.83	-0.40275
1860.92	-0.442333
1861	-0.432333
1861.08	-0.441667
1861.17	-0.434333
1861.25	-0.44375
1861.33	-0.457667
1861.42	-0.4495
1861.5	-0.406583
1861.58	-0.394
1861.67	-0.416667
1861.75	-0.411583
1861.83	-0.399417
1861.92	-0.354167
1862	-0.366417
1862.08	-0.376667
1862.17	-0.427167
1862.25	-0.434667
1862.33	-0.4395
1862.42	-0.468583
1862.5	-0.521917
1862.58	-0.449917
1862.67	-0.386917
1862.75	-0.38375
1862.83	-0.384083
1862.92	-0.39275
1863	-0.39825
1863.08	-0.404833
1863.17	-0.373667
1863.25	-0.365
1863.33	-0.362
1863.42	-0.325583
1863.5	-0.280083
1863.58	-0.368667
1863.67	-0.419333
1863.75	-0.431167
1863.83	-0.4565
1863.92	-0.466917
1864	-0.447167
1864.08	-0.425167
1864.17	-0.423917
1864.25	-0.434667
1864.33	-0.4615
1864.42	-0.473417
1864.5	-0.49625
1864.58	-0.42625
1864.67	-0.424833
1864.75	-0.436417
1864.83	-0.410417
1864.92	-0.394667
1865	-0.404667
1865.08	-0.40275
1865.17	-0.394333
1865.25	-0.364333
1865.33	-0.328
1865.42	-0.305333
1865.5	-0.282583
1865.58	-0.271083
1865.67	-0.237833
1865.75	-0.233667
1865.83	-0.236083
1865.92	-0.258167
1866	-0.22625
1866.08	-0.213417
1866.17	-0.218667
1866.25	-0.230917
1866.33	-0.243833
1866.42	-0.252917
1866.5	-0.25225
1866.58	-0.281417
1866.67	-0.262833
1866.75	-0.272667
1866.83	-0.27275
1866.92	-0.274083
1867	-0.307583
1867.08	-0.329667
1867.17	-0.326417
1867.25	-0.315667
1867.33	-0.29575
1867.42	-0.296167
1867.5	-0.320667
1867.58	-0.352917
1867.67	-0.39275
1867.75	-0.339833
1867.83	-0.349417
1867.92	-0.310333
1868	-0.299833
1868.08	-0.26775
1868.17	-0.251667
1868.25	-0.259917
1868.33	-0.26425
1868.42	-0.280167
1868.5	-0.23875
1868.58	-0.201167
1868.67	-0.140417
1868.75	-0.183083
1868.83	-0.16975
1868.92	-0.18675
1869	-0.20325
1869.08	-0.239167
1869.17	-0.24275
1869.25	-0.24225
1869.33	-0.257167
1869.42	-0.246
1869.5	-0.264917
1869.58	-0.251
1869.67	-0.31025
1869.75	-0.294333
1869.83	-0.293083
1869.92	-0.283667
1870	-0.270333
1870.08	-0.244417
1870.17	-0.259
1870.25	-0.264667
1870.33	-0.2635
1870.42	-0.24675
1870.5	-0.276917
1870.58	-0.314083
1870.67	-0.322
1870.75	-0.288417
1870.83	-0.282833
1870.92	-0.294583
1871	-0.295083
1871.08	-0.297667
1871.17	-0.2945
1871.25	-0.31025
1871.33	-0.316667
1871.42	-0.347333
1871.5	-0.334083
1871.58	-0.315917
1871.67	-0.304
1871.75	-0.343417
1871.83	-0.344333
1871.92	-0.322
1872	-0.320583
1872.08	-0.328917
1872.17	-0.31275
1872.25	-0.285667
1872.33	-0.264583
1872.42	-0.240083
1872.5	-0.228833
1872.58	-0.2055
1872.67	-0.200417
1872.75	-0.185417
1872.83	-0.216583
1872.92	-0.2475
1873	-0.251833
1873.08	-0.254917
1873.17	-0.265917
1873.25	-0.284833
1873.33	-0.299333
1873.42	-0.317667
1873.5	-0.304833
1873.58	-0.297083
1873.67	-0.304667
1873.75	-0.326833
1873.83	-0.325167
1873.92	-0.32975
1874	-0.346417
1874.08	-0.348
1874.17	-0.365
1874.25	-0.352417
1874.33	-0.355083
1874.42	-0.358167
1874.5	-0.369167
1874.58	-0.422
1874.67	-0.4355
1874.75	-0.438917
1874.83	-0.43575
1874.92	-0.411417
1875	-0.39275
1875.08	-0.403583
1875.17	-0.388333
1875.25	-0.393667
1875.33	-0.387833
1875.42	-0.388
1875.5	-0.3965
1875.58	-0.375167
1875.67	-0.348667
1875.75	-0.33125
1875.83	-0.31725
1875.92	-0.347083
1876	-0.351167
1876.08	-0.337667
1876.17	-0.343333
1876.25	-0.357333
1876.33	-0.359417
1876.42	-0.366333
1876.5	-0.383833
1876.58	-0.384833
1876.67	-0.3575
1876.75	-0.3485
1876.83	-0.350417
1876.92	-0.343833
1877	-0.328
1877.08	-0.3155
1877.17	-0.282583
1877.25	-0.243917
1877.33	-0.206417
1877.42	-0.149583
1877.5	-0.07575
1877.58	-0.034
1877.67	-0.0045
1877.75	0.0474167
1877.83	0.10075
1877.92	0.13175
1878	0.141
1878.08	0.135833
1878.17	0.121667
1878.25	0.12075
1878.33	0.105417
1878.42	0.08075
1878.5	0.0369167
1878.58	0.00633333
1878.67	-0.0396667
1878.75	-0.0760833
1878.83	-0.1205
1878.92	-0.131333
1879	-0.155417
1879.08	-0.1705
1879.17	-0.1825
1879.25	-0.201833
1879.33	-0.201833
1879.42	-0.217667
1879.5	-0.230917
1879.58	-0.220417
1879.67	-0.222417
1879.75	-0.22325
1879.83	-0.217917
1879.92	-0.220583
1880	-0.223667
1880.08	-0.225083
1880.17	-0.220833
1880.25	-0.2225
1880.33	-0.2445
1880.42	-0.246
1880.5	-0.227583
1880.58	-0.251417
1880.67	-0.2565
1880.75	-0.262917
1880.83	-0.261333
1880.92	-0.2435
1881	-0.237083
1881.08	-0.228833
1881.17	-0.229417
1881.25	-0.229833
1881.33	-0.220583
1881.42	-0.214417
1881.5	-0.20075
1881.58	-0.160917
1881.67	-0.142083
1881.75	-0.13125
1881.83	-0.143917
1881.92	-0.172417
1882	-0.1795
1882.08	-0.18275
1882.17	-0.190917
1882.25	-0.183917
1882.33	-0.188417
1882.42	-0.186583
1882.5	-0.215
1882.58	-0.25875
1882.67	-0.284833
1882.75	-0.309417
1882.83	-0.318917
1882.92	-0.30925
1883	-0.293333
1883.08	-0.294417
1883.17	-0.2935
1883.25	-0.30375
1883.33	-0.307917
1883.42	-0.307917
1883.5	-0.295583
1883.58	-0.295833
1883.67	-0.287167
1883.75	-0.296583
1883.83	-0.307417
1883.92	-0.319083
1884	-0.343
1884.08	-0.361667
1884.17	-0.378583
1884.25	-0.384167
1884.33	-0.38025
1884.42	-0.4015
1884.5	-0.409167
1884.58	-0.417417
1884.67	-0.433667
1884.75	-0.435583
1884.83	-0.43075
1884.92	-0.440917
1885	-0.447167
1885.08	-0.438167
1885.17	-0.445833
1885.25	-0.444417
1885.33	-0.436917
1885.42	-0.4115
1885.5	-0.389833
1885.58	-0.381
1885.67	-0.385833
1885.75	-0.38
1885.83	-0.369083
1885.92	-0.341583
1886	-0.332917
1886.08	-0.329917
1886.17	-0.31575
1886.25	-0.324333
1886.33	-0.33425
1886.42	-0.347667
1886.5	-0.36975
1886.58	-0.383917
1886.67	-0.391083
1886.75	-0.394833
1886.83	-0.402917
1886.92	-0.416833
1887	-0.418667
1887.08	-0.418167
1887.17	-0.420417
1887.25	-0.4125
1887.33	-0.424
1887.42	-0.422417
1887.5	-0.420333
1887.58	-0.422417
1887.67	-0.41275
1887.75	-0.419167
1887.83	-0.40275
1887.92	-0.402083
1888	-0.39275
1888.08	-0.39525
1888.17	-0.38825
1888.25	-0.378417
1888.33	-0.34475
1888.42	-0.32725
1888.5	-0.308417
1888.58	-0.26475
1888.67	-0.234917
1888.75	-0.19575
1888.83	-0.175083
1888.92	-0.152833
1889	-0.1405
1889.08	-0.131083
1889.17	-0.12625
1889.25	-0.13975
1889.33	-0.156667
1889.42	-0.173667
1889.5	-0.1745
1889.58	-0.196333
1889.67	-0.220167
1889.75	-0.253417
1889.83	-0.28125
1889.92	-0.309333
1890	-0.32825
1890.08	-0.346083
1890.17	-0.362417
1890.25	-0.370083
1890.33	-0.38675
1890.42	-0.399833
1890.5	-0.419167
1890.58	-0.434417
1890.67	-0.44325
1890.75	-0.434917
1890.83	-0.43775
1890.92	-0.419583
1891	-0.412667
1891.08	-0.405833
1891.17	-0.39725
1891.25	-0.373917
1891.33	-0.35925
1891.42	-0.358083
1891.5	-0.333417
1891.58	-0.323917
1891.67	-0.29375
1891.75	-0.302667
1891.83	-0.313167
1891.92	-0.330167
1892	-0.344583
1892.08	-0.3615
1892.17	-0.372333
1892.25	-0.383333
1892.33	-0.39325
1892.42	-0.400417
1892.5	-0.456917
1892.58	-0.504917
1892.67	-0.556167
1892.75	-0.548083
1892.83	-0.555
1892.92	-0.568
1893	-0.567833
1893.08	-0.547083
1893.17	-0.534417
1893.25	-0.543167
1893.33	-0.52925
1893.42	-0.511583
1893.5	-0.473833
1893.58	-0.431417
1893.67	-0.402
1893.75	-0.402583
1893.83	-0.387667
1893.92	-0.376167
1894	-0.379
1894.08	-0.382167
1894.17	-0.386333
1894.25	-0.388667
1894.33	-0.402833
1894.42	-0.40325
1894.5	-0.409083
1894.58	-0.41175
1894.67	-0.437
1894.75	-0.448583
1894.83	-0.45
1894.92	-0.4495
1895	-0.436167
1895.08	-0.438917
1895.17	-0.43225
1895.25	-0.41775
1895.33	-0.408833
1895.42	-0.398583
1895.5	-0.390917
1895.58	-0.36775
1895.67	-0.3305
1895.75	-0.3195
1895.83	-0.315083
1895.92	-0.297583
1896	-0.27975
1896.08	-0.260083
1896.17	-0.243583
1896.25	-0.229
1896.33	-0.211167
1896.42	-0.21025
1896.5	-0.186583
1896.58	-0.18525
1896.67	-0.1765
1896.75	-0.167167
1896.83	-0.144167
1896.92	-0.129667
1897	-0.132667
1897.08	-0.136417
1897.17	-0.143583
1897.25	-0.14575
1897.33	-0.157
1897.42	-0.170917
1897.5	-0.207833
1897.58	-0.198
1897.67	-0.21925
1897.75	-0.25875
1897.83	-0.300167
1897.92	-0.337083
1898	-0.35075
1898.08	-0.369083
1898.17	-0.382167
1898.25	-0.398583
1898.33	-0.423417
1898.42	-0.423083
1898.5	-0.412167
1898.58	-0.422417
1898.67	-0.431917
1898.75	-0.414833
1898.83	-0.396333
1898.92	-0.383167
1899	-0.389083
1899.08	-0.380583
1899.17	-0.367333
1899.25	-0.351
1899.33	-0.320333
1899.42	-0.280583
1899.5	-0.28925
1899.58	-0.294083
1899.67	-0.26725
1899.75	-0.245667
1899.83	-0.238167
1899.92	-0.234583
1900	-0.217083
1900.08	-0.21
1900.17	-0.213167
1900.25	-0.221
1900.33	-0.210167
1900.42	-0.234417
1900.5	-0.203167
1900.58	-0.195667
1900.67	-0.204
1900.75	-0.199917
1900.83	-0.19375
1900.92	-0.187333
1901	-0.1845
1901.08	-0.184333
1901.17	-0.18525
1901.25	-0.194667
1901.33	-0.214667
1901.42	-0.229583
1901.5	-0.259
1901.58	-0.263667
1901.67	-0.262667
1901.75	-0.276167
1901.83	-0.298167
1901.92	-0.31525
1902	-0.338417
1902.08	-0.355333
1902.17	-0.369667
1902.25	-0.371167
1902.33	-0.386083
1902.42	-0.394083
1902.5	-0.40225
1902.58	-0.405333
1902.67	-0.39875
1902.75	-0.395417
1902.83	-0.39725
1902.92	-0.402417
1903	-0.411833
1903.08	-0.419667
1903.17	-0.437917
1903.25	-0.451
1903.33	-0.465667
1903.42	-0.473667
1903.5	-0.480167
1903.58	-0.511417
1903.67	-0.5455
1903.75	-0.57075
1903.83	-0.577417
1903.92	-0.58275
1904	-0.5815
1904.08	-0.584583
1904.17	-0.575417
1904.25	-0.572083
1904.33	-0.557083
1904.42	-0.5365
1904.5	-0.520083
1904.58	-0.50475
1904.67	-0.514167
1904.75	-0.497583
1904.83	-0.49775
1904.92	-0.4825
1905	-0.465167
1905.08	-0.446417
1905.17	-0.43175
1905.25	-0.418
1905.33	-0.408833
1905.42	-0.39475
1905.5	-0.377417
1905.58	-0.345333
1905.67	-0.3055
1905.75	-0.290667
1905.83	-0.254
1905.92	-0.25275
1906	-0.2505
1906.08	-0.252
1906.17	-0.2535
1906.25	-0.2595
1906.33	-0.2585
1906.42	-0.275917
1906.5	-0.282917
1906.58	-0.312583
1906.67	-0.3365
1906.75	-0.341
1906.83	-0.373667
1906.92	-0.3925
1907	-0.41225
1907.08	-0.4195
1907.17	-0.430583
1907.25	-0.43225
1907.33	-0.432917
1907.42	-0.44575
1907.5	-0.465917
1907.58	-0.464333
1907.67	-0.456083
1907.75	-0.480917
1907.83	-0.4845
1907.92	-0.47775
1908	-0.473417
1908.08	-0.479
1908.17	-0.485667
1908.25	-0.48975
1908.33	-0.508083
1908.42	-0.509333
1908.5	-0.512917
1908.58	-0.526833
1908.67	-0.536667
1908.75	-0.541167
1908.83	-0.545667
1908.92	-0.555
1909	-0.558333
1909.08	-0.567
1909.17	-0.549083
1909.25	-0.544417
1909.33	-0.53625
1909.42	-0.521583
1909.5	-0.5235
1909.58	-0.504583
1909.67	-0.503167
1909.75	-0.48625
1909.83	-0.473417
1909.92	-0.463417
1910	-0.460917
1910.08	-0.452
1910.17	-0.461917
1910.25	-0.4655
1910.33	-0.465583
1910.42	-0.484917
1910.5	-0.491167
1910.58	-0.508
1910.67	-0.527917
1910.75	-0.54575
1910.83	-0.568
1910.92	-0.579167
1911	-0.58625
1911.08	-0.589917
1911.17	-0.59525
1911.25	-0.601083
1911.33	-0.599667
1911.42	-0.5765
1911.5	-0.545417
1911.58	-0.529333
1911.67	-0.490583
1911.75	-0.46425
1911.83	-0.433
1911.92	-0.41425
1912	-0.393
1912.08	-0.38825
1912.17	-0.393167
1912.25	-0.397
1912.33	-0.411667
1912.42	-0.423667
1912.5	-0.439583
1912.58	-0.447083
1912.67	-0.465417
1912.75	-0.478083
1912.83	-0.4855
1912.92	-0.497
1913	-0.513083
1913.08	-0.51125
1913.17	-0.497167
1913.25	-0.48625
1913.33	-0.46825
1913.42	-0.447083
1913.5	-0.426083
1913.58	-0.395083
1913.67	-0.370333
1913.75	-0.35275
1913.83	-0.349333
1913.92	-0.330083
1914	-0.311417
1914.08	-0.302833
1914.17	-0.288167
1914.25	-0.273917
1914.33	-0.250667
1914.42	-0.243917
1914.5	-0.245333
1914.58	-0.248
1914.67	-0.234083
1914.75	-0.2225
1914.83	-0.193833
1914.92	-0.186667
1915	-0.181167
1915.08	-0.162167
1915.17	-0.14975
1915.25	-0.139167
1915.33	-0.14825
1915.42	-0.1445
1915.5	-0.144833
1915.58	-0.155167
1915.67	-0.166583
1915.75	-0.184833
1915.83	-0.20925
1915.92	-0.222167
1916	-0.243583
1916.08	-0.26675
1916.17	-0.289833
1916.25	-0.307083
1916.33	-0.31875
1916.42	-0.354917
1916.5	-0.38625
1916.58	-0.423333
1916.67	-0.472
1916.75	-0.5075
1916.83	-0.519
1916.92	-0.544917
1917	-0.535333
1917.08	-0.514
1917.17	-0.504333
1917.25	-0.486833
1917.33	-0.486
1917.42	-0.4705
1917.5	-0.471
1917.58	-0.456083
1917.67	-0.435167
1917.75	-0.402917
1917.83	-0.404
1917.92	-0.384333
1918	-0.382
1918.08	-0.399833
1918.17	-0.410833
1918.25	-0.420667
1918.33	-0.3965
1918.42	-0.3685
1918.5	-0.334917
1918.58	-0.302
1918.67	-0.26625
1918.75	-0.254667
1918.83	-0.219833
1918.92	-0.205583
1919	-0.199167
1919.08	-0.201333
1919.17	-0.1995
1919.25	-0.199167
1919.33	-0.215917
1919.42	-0.256083
1919.5	-0.275083
1919.58	-0.286167
1919.67	-0.314667
1919.75	-0.299083
1919.83	-0.315083
1919.92	-0.3105
1920	-0.307083
1920.08	-0.300667
1920.17	-0.292083
1920.25	-0.28375
1920.33	-0.2785
1920.42	-0.25825
1920.5	-0.24975
1920.58	-0.241583
1920.67	-0.22125
1920.75	-0.232083
1920.83	-0.228417
1920.92	-0.228667
1921	-0.221167
1921.08	-0.209083
1921.17	-0.21325
1921.25	-0.215417
1921.33	-0.207833
1921.42	-0.208833
1921.5	-0.19125
1921.58	-0.21175
1921.67	-0.219417
1921.75	-0.220917
1921.83	-0.222167
1921.92	-0.236167
1922	-0.253083
1922.08	-0.2605
1922.17	-0.265917
1922.25	-0.275667
1922.33	-0.291333
1922.42	-0.290583
1922.5	-0.304
1922.58	-0.2915
1922.67	-0.3035
1922.75	-0.315583
1922.83	-0.326
1922.92	-0.321667
1923	-0.314917
1923.08	-0.325167
1923.17	-0.327583
1923.25	-0.331333
1923.33	-0.326333
1923.42	-0.30375
1923.5	-0.27925
1923.58	-0.28575
1923.67	-0.267833
1923.75	-0.256083
1923.83	-0.249667
1923.92	-0.2435
1924	-0.241083
1924.08	-0.233667
1924.17	-0.225917
1924.25	-0.222333
1924.33	-0.226167
1924.42	-0.2545
1924.5	-0.2975
1924.58	-0.304833
1924.67	-0.3135
1924.75	-0.310083
1924.83	-0.30925
1924.92	-0.310167
1925	-0.31375
1925.08	-0.309667
1925.17	-0.296667
1925.25	-0.288917
1925.33	-0.288333
1925.42	-0.2635
1925.5	-0.21925
1925.58	-0.1785
1925.67	-0.156333
1925.75	-0.1395
1925.83	-0.131417
1925.92	-0.128167
1926	-0.114
1926.08	-0.116083
1926.17	-0.112917
1926.25	-0.105083
1926.33	-0.0866667
1926.42	-0.0905
1926.5	-0.110917
1926.58	-0.139833
1926.67	-0.1485
1926.75	-0.173917
1926.83	-0.18075
1926.92	-0.184083
1927	-0.1965
1927.08	-0.188833
1927.17	-0.193417
1927.25	-0.1965
1927.33	-0.192333
1927.42	-0.197667
1927.5	-0.2125
1927.58	-0.19525
1927.67	-0.194167
1927.75	-0.195083
1927.83	-0.1945
1927.92	-0.1965
1928	-0.204917
1928.08	-0.2065
1928.17	-0.209083
1928.25	-0.216333
1928.33	-0.226583
1928.42	-0.224917
1928.5	-0.20975
1928.58	-0.245833
1928.67	-0.290583
1928.75	-0.296
1928.83	-0.3075
1928.92	-0.316667
1929	-0.317833
1929.08	-0.333833
1929.17	-0.334583
1929.25	-0.33825
1929.33	-0.3395
1929.42	-0.33275
1929.5	-0.353417
1929.58	-0.340083
1929.67	-0.308167
1929.75	-0.286583
1929.83	-0.270917
1929.92	-0.255083
1930	-0.239583
1930.08	-0.219917
1930.17	-0.209167
1930.25	-0.193667
1930.33	-0.186417
1930.42	-0.173917
1930.5	-0.139833
1930.58	-0.113167
1930.67	-0.10275
1930.75	-0.1005
1930.83	-0.0989167
1930.92	-0.096
1931	-0.0855833
1931.08	-0.07525
1931.17	-0.0750833
1931.25	-0.0726667
1931.33	-0.0690833
1931.42	-0.0883333
1931.5	-0.0905
1931.58	-0.0768333
1931.67	-0.0796667
1931.75	-0.0896667
1931.83	-0.08025
1931.92	-0.0805
1932	-0.0930833
1932.08	-0.103917
1932.17	-0.115833
1932.25	-0.114917
1932.33	-0.12575
1932.42	-0.132583
1932.5	-0.14
1932.58	-0.177667
1932.67	-0.188333
1932.75	-0.197083
1932.83	-0.209833
1932.92	-0.2135
1933	-0.219333
1933.08	-0.224083
1933.17	-0.222583
1933.25	-0.238917
1933.33	-0.24125
1933.42	-0.248
1933.5	-0.276083
1933.58	-0.27025
1933.67	-0.257
1933.75	-0.261
1933.83	-0.263333
1933.92	-0.252417
1934	-0.23425
1934.08	-0.2245
1934.17	-0.214417
1934.25	-0.20325
1934.33	-0.193833
1934.42	-0.165667
1934.5	-0.13325
1934.58	-0.133917
1934.67	-0.11175
1934.75	-0.0979167
1934.83	-0.0998333
1934.92	-0.113417
1935	-0.1255
1935.08	-0.131667
1935.17	-0.139667
1935.25	-0.143
1935.33	-0.141667
1935.42	-0.169167
1935.5	-0.180167
1935.58	-0.186583
1935.67	-0.225417
1935.75	-0.232083
1935.83	-0.227083
1935.92	-0.22
1936	-0.21775
1936.08	-0.207667
1936.17	-0.198583
1936.25	-0.195833
1936.33	-0.190083
1936.42	-0.170333
1936.5	-0.148667
1936.58	-0.134
1936.67	-0.100333
1936.75	-0.09775
1936.83	-0.09125
1936.92	-0.0848333
1937	-0.0719167
1937.08	-0.0655833
1937.17	-0.05475
1937.25	-0.0361667
1937.33	-0.0256667
1937.42	-0.0195833
1937.5	-0.0278333
1937.58	-0.0155833
1937.67	-0.0174167
1937.75	0.0105833
1937.83	0.02825
1937.92	0.0275
1938	0.0230833
1938.08	0.0148333
1938.17	0.009
1938.25	0.00408333
1938.33	0.00583333
1938.42	0.00741667
1938.5	-0.00783333
1938.58	-0.0145833
1938.67	-0.01975
1938.75	-0.0470833
1938.83	-0.0623333
1938.92	-0.05725
1939	-0.0471667
1939.08	-0.0395833
1939.17	-0.0378333
1939.25	-0.04925
1939.33	-0.0841667
1939.42	-0.0966667
1939.5	-0.0529167
1939.58	-0.06325
1939.67	-0.0630833
1939.75	-0.0504167
1939.83	-0.0376667
1939.92	-0.0335
1940	-0.0358333
1940.08	-0.0276667
1940.17	-0.0270833
1940.25	-0.0101667
1940.33	0.0139167
1940.42	0.0190833
1940.5	0.0134167
1940.58	0.02175
1940.67	0.0239167
1940.75	0.0225
1940.83	0.0201667
1940.92	0.01675
1941	0.0238333
1941.08	0.0219167
1941.17	0.0203333
1941.25	-0.00108333
1941.33	0.016
1941.42	0.0258333
1941.5	0.0203333
1941.58	0.0451667
1941.67	0.03925
1941.75	0.0430833
1941.83	0.0360833
1941.92	0.0363333
1942	0.02925
1942.08	0.0123333
1942.17	0.00475
1942.25	0.0161667
1942.33	-0.00883333
1942.42	-0.0185833
1942.5	-0.0265
1942.58	-0.0615
1942.67	-0.0485
1942.75	-0.058
1942.83	-0.0528333
1942.92	-0.05275
1943	-0.0635833
1943.08	-0.0565833
1943.17	-0.05175
1943.25	-0.054
1943.33	-0.0279167
1943.42	-0.02125
1943.5	-0.00533333
1943.58	0.0359167
1943.67	0.0406667
1943.75	0.0689167
1943.83	0.073
1943.92	0.07925
1944	0.0999167
1944.08	0.118
1944.17	0.138417
1944.25	0.164917
1944.33	0.16325
1944.42	0.162667
1944.5	0.143917
1944.58	0.119667
1944.67	0.100667
1944.75	0.0854167
1944.83	0.0955833
1944.92	0.0818333
1945	0.0689167
1945.08	0.0435833
1945.17	0.05425
1945.25	0.04325
1945.33	0.04025
1945.42	0.0386667
1945.5	0.0246667
1945.58	0.0335
1945.67	0.0453333
1945.75	0.0441667
1945.83	0.04175
1945.92	0.0415833
1946	0.0205833
1946.08	0.024
1946.17	-0.0185833
1946.25	-0.03325
1946.33	-0.052
1946.42	-0.0588333
1946.5	-0.0720833
1946.58	-0.0895
1946.67	-0.10725
1946.75	-0.107417
1946.83	-0.111583
1946.92	-0.107167
1947	-0.0855833
1947.08	-0.08225
1947.17	-0.0733333
1947.25	-0.07775
1947.33	-0.06775
1947.42	-0.056
1947.5	-0.0405
1947.58	-0.0236667
1947.67	-0.0194167
1947.75	-0.0289167
1947.83	-0.0400833
1947.92	-0.0269167
1948	-0.0215
1948.08	-0.0299167
1948.17	-0.0268333
1948.25	-0.0258333
1948.33	-0.0296667
1948.42	-0.0385
1948.5	-0.0404167
1948.58	-0.0354167
1948.67	-0.0371667
1948.75	-0.0369167
1948.83	-0.0328333
1948.92	-0.0456667
1949	-0.06675
1949.08	-0.0663333
1949.17	-0.0695833
1949.25	-0.0715
1949.33	-0.0761667
1949.42	-0.078
1949.5	-0.0773333
1949.58	-0.11625
1949.67	-0.125083
1949.75	-0.125583
1949.83	-0.140333
1949.92	-0.14375
1950	-0.13475
1950.08	-0.130167
1950.17	-0.136667
1950.25	-0.138917
1950.33	-0.146833
1950.42	-0.172667
1950.5	-0.177667
1950.58	-0.180667
1950.67	-0.19825
1950.75	-0.207583
1950.83	-0.202167
1950.92	-0.195583
1951	-0.1865
1951.08	-0.179417
1951.17	-0.158167
1951.25	-0.14175
1951.33	-0.11975
1951.42	-0.0900833
1951.5	-0.05425
1951.58	-0.00941667
1951.67	0.0398333
1951.75	0.0533333
1951.83	0.06675
1951.92	0.071
1952	0.0715
1952.08	0.0764167
1952.17	0.0729167
1952.25	0.0736667
1952.33	0.0618333
1952.42	0.04925
1952.5	0.0290833
1952.58	0.0190833
1952.67	0.0205
1952.75	0.0419167
1952.83	0.0534167
1952.92	0.0619167
1953	0.0725833
1953.08	0.06825
1953.17	0.06875
1953.25	0.0668333
1953.33	0.0735
1953.42	0.0834167
1953.5	0.0961667
1953.58	0.0710833
1953.67	0.0516667
1953.75	0.0284167
1953.83	0.000416667
1953.92	-0.0281667
1954	-0.0525833
1954.08	-0.0731667
1954.17	-0.0891667
1954.25	-0.10275
1954.33	-0.111333
1954.42	-0.103917
1954.5	-0.130833
1954.58	-0.10075
1954.67	-0.107583
1954.75	-0.128583
1954.83	-0.137
1954.92	-0.13925
1955	-0.142333
1955.08	-0.142333
1955.17	-0.13975
1955.25	-0.142083
1955.33	-0.153417
1955.42	-0.181583
1955.5	-0.190333
1955.58	-0.22125
1955.67	-0.236083
1955.75	-0.228583
1955.83	-0.236
1955.92	-0.24
1956	-0.245583
1956.08	-0.246167
1956.17	-0.261833
1956.25	-0.275917
1956.33	-0.2815
1956.42	-0.277
1956.5	-0.266333
1956.58	-0.259667
1956.67	-0.24175
1956.75	-0.231167
1956.83	-0.208583
1956.92	-0.181167
1957	-0.155167
1957.08	-0.138
1957.17	-0.109417
1957.25	-0.08275
1957.33	-0.0645833
1957.42	-0.0381667
1957.5	-0.00816667
1957.58	0.028
1957.67	0.05425
1957.75	0.07
1957.83	0.07825
1957.92	0.0768333
1958	0.06875
1958.08	0.0721667
1958.17	0.06475
1958.25	0.05725
1958.33	0.0596667
1958.42	0.056
1958.5	0.0459167
1958.58	0.0309167
1958.67	0.0183333
1958.75	0.0248333
1958.83	0.02575
1958.92	0.02225
1959	0.0286667
1959.08	0.02775
1959.17	0.0313333
1959.25	0.0391667
1959.33	0.0351667
1959.42	0.025
1959.5	0.01675
1959.58	0.00683333
1959.67	0.01275
1959.75	-0.02
1959.83	-0.0385
1959.92	-0.0506667
1960	-0.0583333
1960.08	-0.0631667
1960.17	-0.0664167
1960.25	-0.0645
1960.33	-0.0639167
1960.42	-0.0670833
1960.5	-0.0491667
1960.58	-0.04275
1960.67	-0.0366667
1960.75	-0.00275
1960.83	0.0199167
1960.92	0.0405833
1961	0.0523333
1961.08	0.05625
1961.17	0.0583333
1961.25	0.0505833
1961.33	0.0500833
1961.42	0.061
1961.5	0.0390833
1961.58	0.03975
1961.67	0.03625
1961.75	0.0308333
1961.83	0.0248333
1961.92	0.01325
1962	-0.000333333
1962.08	-0.000416667
1962.17	-0.00358333
1962.25	-0.00258333
1962.33	0.00366667
1962.42	0.006
1962.5	0.01475
1962.58	0.00658333
1962.67	0.00766667
1962.75	-0.00691667
1962.83	-0.0146667
1962.92	-0.0125833
1963	-0.011
1963.08	-0.00325
1963.17	0.00766667
1963.25	0.0196667
1963.33	0.0349167
1963.42	0.04775
1963.5	0.04825
1963.58	0.0475833
1963.67	0.0246667
1963.75	0.01375
1963.83	-0.001
1963.92	-0.0139167
1964	-0.0245833
1964.08	-0.0481667
1964.17	-0.08
1964.25	-0.114083
1964.33	-0.155083
1964.42	-0.193333
1964.5	-0.22225
1964.58	-0.226667
1964.67	-0.236833
1964.75	-0.231833
1964.83	-0.232583
1964.92	-0.231333
1965	-0.227083
1965.08	-0.228
1965.17	-0.2155
1965.25	-0.199333
1965.33	-0.179083
1965.42	-0.165333
1965.5	-0.141333
1965.58	-0.140333
1965.67	-0.127333
1965.75	-0.11475
1965.83	-0.10225
1965.92	-0.10025
1966	-0.0879167
1966.08	-0.0701667
1966.17	-0.06275
1966.25	-0.0585833
1966.33	-0.06525
1966.42	-0.0623333
1966.5	-0.0685833
1966.58	-0.0750833
1966.67	-0.0870833
1966.75	-0.0856667
1966.83	-0.0821667
1966.92	-0.0643333
1967	-0.07425
1967.08	-0.082
1967.17	-0.0856667
1967.25	-0.09025
1967.33	-0.0764167
1967.42	-0.0734167
1967.5	-0.074
1967.58	-0.07975
1967.67	-0.0776667
1967.75	-0.0705
1967.83	-0.0793333
1967.92	-0.103833
1968	-0.106
1968.08	-0.10925
1968.17	-0.109083
1968.25	-0.1085
1968.33	-0.115417
1968.42	-0.116417
1968.5	-0.113333
1968.58	-0.107583
1968.67	-0.103917
1968.75	-0.107333
1968.83	-0.0844167
1968.92	-0.05525
1969	-0.04425
1969.08	-0.0325833
1969.17	-0.0231667
1969.25	-0.0144167
1969.33	-0.0100833
1969.42	0.00675
1969.5	0.0320833
1969.58	0.05225
1969.67	0.07825
1969.75	0.0729167
1969.83	0.06875
1969.92	0.05475
1970	0.0514167
1970.08	0.0440833
1970.17	0.0318333
1970.25	0.0269167
1970.33	0.0180833
1970.42	0.003
1970.5	-0.027
1970.58	-0.0413333
1970.67	-0.0774167
1970.75	-0.0951667
1970.83	-0.119583
1970.92	-0.134417
1971	-0.15275
1971.08	-0.159417
1971.17	-0.165667
1971.25	-0.172667
1971.33	-0.180167
1971.42	-0.183167
1971.5	-0.185917
1971.58	-0.209
1971.67	-0.209167
1971.75	-0.196667
1971.83	-0.183333
1971.92	-0.170917
1972	-0.150667
1972.08	-0.14125
1972.17	-0.125917
1972.25	-0.12
1972.33	-0.105667
1972.42	-0.0983333
1972.5	-0.0661667
1972.58	-0.0223333
1972.67	0.0250833
1972.75	0.0549167
1972.83	0.0748333
1972.92	0.0873333
1973	0.0958333
1973.08	0.0994167
1973.17	0.0995
1973.25	0.100417
1973.33	0.0959167
1973.42	0.0875
1973.5	0.0625
1973.58	0.01925
1973.67	-0.0380833
1973.75	-0.076
1973.83	-0.1045
1973.92	-0.127917
1974	-0.149833
1974.08	-0.162583
1974.17	-0.170917
1974.25	-0.178167
1974.33	-0.192583
1974.42	-0.202417
1974.5	-0.213167
1974.58	-0.188417
1974.67	-0.162
1974.75	-0.149333
1974.83	-0.141833
1974.92	-0.132667
1975	-0.127083
1975.08	-0.125667
1975.17	-0.13375
1975.25	-0.1335
1975.33	-0.134667
1975.42	-0.143167
1975.5	-0.14875
1975.58	-0.161917
1975.67	-0.181583
1975.75	-0.21225
1975.83	-0.221
1975.92	-0.24025
1976	-0.253917
1976.08	-0.259917
1976.17	-0.26175
1976.25	-0.26475
1976.33	-0.271583
1976.42	-0.26
1976.5	-0.2415
1976.58	-0.22825
1976.67	-0.194417
1976.75	-0.148833
1976.83	-0.12475
1976.92	-0.0923333
1977	-0.0621667
1977.08	-0.0415833
1977.17	-0.0248333
1977.25	-0.00858333
1977.33	0.0173333
1977.42	0.0440833
1977.5	0.0470833
1977.58	0.0546667
1977.67	0.0453333
1977.75	0.0391667
1977.83	0.02625
1977.92	0.0131667
1978	-0.00741667
1978.08	-0.0183333
1978.17	-0.0336667
1978.25	-0.0409167
1978.33	-0.0498333
1978.42	-0.05775
1978.5	-0.0616667
1978.58	-0.0655
1978.67	-0.0740833
1978.75	-0.0750833
1978.83	-0.0741667
1978.92	-0.0698333
1979	-0.05375
1979.08	-0.04375
1979.17	-0.0214167
1979.25	-0.00925
1979.33	0.0113333
1979.42	0.0196667
1979.5	0.0574167
1979.58	0.071
1979.67	0.100583
1979.75	0.105
1979.83	0.121167
1979.92	0.13575
1980	0.13675
1980.08	0.137333
1980.17	0.133583
1980.25	0.129167
1980.33	0.118833
1980.42	0.117417
1980.5	0.0924167
1980.58	0.108667
1980.67	0.107
1980.75	0.118583
1980.83	0.1175
1980.92	0.111167
1981	0.11575
1981.08	0.118083
1981.17	0.125
1981.25	0.12775
1981.33	0.127167
1981.42	0.122417
1981.5	0.139917
1981.58	0.10875
1981.67	0.0928333
1981.75	0.06475
1981.83	0.05625
1981.92	0.0540833
1982	0.0390833
1982.08	0.0303333
1982.17	0.0195
1982.25	0.01975
1982.33	0.0199167
1982.42	0.0131667
1982.5	0.0119167
1982.58	0.0513333
1982.67	0.0769167
1982.75	0.105417
1982.83	0.113
1982.92	0.121083
1983	0.136833
1983.08	0.150833
1983.17	0.16825
1983.25	0.177667
1983.33	0.185417
1983.42	0.2075
1983.5	0.194083
1983.58	0.16825
1983.67	0.14325
1983.75	0.129583
1983.83	0.11575
1983.92	0.112
1984	0.0995833
1984.08	0.0838333
1984.17	0.0705833
1984.25	0.0576667
1984.33	0.0475833
1984.42	0.0161667
1984.5	-0.0140833
1984.58	-0.023
1984.67	-0.0351667
1984.75	-0.0414167
1984.83	-0.0409167
1984.92	-0.0488333
1985	-0.0526667
1985.08	-0.0545833
1985.17	-0.0558333
1985.25	-0.06125
1985.33	-0.0579167
1985.42	-0.0538333
1985.5	-0.0298333
1985.58	-0.0204167
1985.67	-0.00183333
1985.75	0.00658333
1985.83	0.0164167
1985.92	0.0204167
1986	0.0295833
1986.08	0.0344167
1986.17	0.0324167
1986.25	0.036
1986.33	0.04
1986.42	0.0454167
1986.5	0.0450833
1986.58	0.0440833
1986.67	0.06175
1986.75	0.0573333
1986.83	0.05875
1986.92	0.0673333
1987	0.0738333
1987.08	0.0964167
1987.17	0.116
1987.25	0.137917
1987.33	0.149417
1987.42	0.166417
1987.5	0.192417
1987.58	0.215417
1987.67	0.209667
1987.75	0.229667
1987.83	0.2405
1987.92	0.24575
1988	0.253583
1988.08	0.245583
1988.17	0.2405
1988.25	0.232917
1988.33	0.2275
1988.42	0.213333
1988.5	0.198667
1988.58	0.167333
1988.67	0.160333
1988.75	0.149833
1988.83	0.137833
1988.92	0.126833
1989	0.114583
1989.08	0.113167
1989.17	0.11325
1989.25	0.109833
1989.33	0.110833
1989.42	0.113583
1989.5	0.118167
1989.58	0.13525
1989.67	0.148417
1989.75	0.183917
1989.83	0.207667
1989.92	0.22425
1990	0.241167
1990.08	0.247417
1990.17	0.2535
1990.25	0.2565
1990.33	0.271583
1990.42	0.293083
1990.5	0.297
1990.58	0.302917
1990.67	0.302167
1990.75	0.271833
1990.83	0.27325
1990.92	0.275333
1991	0.27775
1991.08	0.284083
1991.17	0.28475
1991.25	0.290167
1991.33	0.278417
1991.42	0.26525
1991.5	0.254583
1991.58	0.261167
1991.67	0.262917
1991.75	0.267917
1991.83	0.247417
1991.92	0.236583
1992	0.221917
1992.08	0.195
1992.17	0.174083
1992.25	0.1485
1992.33	0.128583
1992.42	0.10825
1992.5	0.105083
1992.58	0.100083
1992.67	0.0945833
1992.75	0.093
1992.83	0.0925
1992.92	0.0929167
1993	0.097
1993.08	0.10925
1993.17	0.11675
1993.25	0.127917
1993.33	0.141
1993.42	0.145
1993.5	0.148917
1993.58	0.1385
1993.67	0.113417
1993.75	0.112
1993.83	0.118583
1993.92	0.126083
1994	0.133
1994.08	0.13625
1994.17	0.143667
1994.25	0.153667
1994.33	0.1705
1994.42	0.199667
1994.5	0.209417
1994.58	0.229333
1994.67	0.283417
1994.75	0.29175
1994.83	0.298
1994.92	0.293833
1995	0.298
1995.08	0.311417
1995.17	0.325667
1995.25	0.33175
1995.33	0.333833
1995.42	0.334667
1995.5	0.325167
1995.58	0.29975
1995.67	0.276583
1995.75	0.26525
1995.83	0.252333
1995.92	0.252833
1996	0.240833
1996.08	0.231667
1996.17	0.219167
1996.25	0.205917
1996.33	0.188917
1996.42	0.174083
1996.5	0.182417
1996.58	0.190333
1996.67	0.1895
1996.75	0.202667
1996.83	0.214
1996.92	0.219167
1997	0.239417
1997.08	0.252083
1997.17	0.2715
1997.25	0.30275
1997.33	0.33825
1997.42	0.367833
1997.5	0.390417
1997.58	0.413583
1997.67	0.451083
1997.75	0.468167
1997.83	0.500167
1997.92	0.524833
1998	0.539833
1998.08	0.564833
1998.17	0.578583
1998.25	0.572
1998.33	0.559417
1998.42	0.5425
1998.5	0.539917
1998.58	0.528083
1998.67	0.513083
1998.75	0.486167
1998.83	0.459
1998.92	0.430917
1999	0.404417
1999.08	0.372333
1999.17	0.340917
1999.25	0.333
1999.33	0.320167
1999.42	0.315417
1999.5	0.306917
1999.58	0.296667
1999.67	0.2855
1999.75	0.2985
1999.83	0.311417
1999.92	0.31425
2000	0.314
2000.08	0.31175
2000.17	0.322167
2000.25	0.32275
2000.33	0.320417
2000.42	0.313667
2000.5	0.295917
2000.58	0.307
2000.67	0.296167
2000.75	0.306833
2000.83	0.305417
2000.92	0.317
2001	0.329417
2001.08	0.346333
2001.17	0.359
2001.25	0.368917
2001.33	0.38525
2001.42	0.423
2001.5	0.441833
2001.58	0.466583
2001.67	0.498583
2001.75	0.5145
2001.83	0.514333
2001.92	0.515083
2002	0.519417
2002.08	0.521667
2002.17	0.517333
2002.25	0.51675
2002.33	0.515917
2002.42	0.502333
2002.5	0.4975
2002.58	0.493
2002.67	0.472667
2002.75	0.45175
2002.83	0.449833
2002.92	0.453667
2003	0.45225
2003.08	0.450917
2003.17	0.458917
2003.25	0.46825
2003.33	0.485
2003.42	0.485583
2003.5	0.507583
2003.58	0.499833
2003.67	0.512667
2003.75	0.5195
2003.83	0.522833
2003.92	0.509333
2004	0.498333
2004.08	0.488667
2004.17	0.47575
2004.25	0.467583
2004.33	0.45525
2004.42	0.4675
2004.5	0.448
2004.58	0.4515
2004.67	0.433417
2004.75	0.436167
2004.83	0.447333
2004.92	0.464583
2005	0.48375
2005.08	0.499417
2005.17	0.511417
2005.25	0.52275
2005.33	0.53525
2005.42	0.537167
2005.5	0.546083
2005.58	0.53225
2005.67	0.546833
2005.75	0.538167
2005.83	0.521167
2005.92	0.51175
2006	0.508917
2006.08	0.503833
2006.17	0.503583
2006.25	0.497667
2006.33	0.493917
2006.42	0.486667
2006.5	0.50575
2006.58	0.542833
2006.67	0.5425
2006.75	0.547167
2006.83	0.562167
2006.92	0.56575
2007	0.557583
2007.08	0.553667
2007.17	0.54575
2007.25	0.54175
2007.33	0.53325
2007.42	0.520833
2007.5	0.491667
2007.58	0.435833
2007.67	0.408167
2007.75	0.411667
2007.83	0.39
2007.92	0.381
2008	0.376417
2008.08	0.377417
2008.17	0.37675
2008.25	0.37275
2008.33	0.379333
2008.42	0.390583
2008.5	0.395083
2008.58	0.42175
2008.67	0.439083
2008.75	0.426167
2008.83	0.4415
2008.92	0.449917
2009	0.465
2009.08	0.472083
2009.17	0.484917
2009.25	0.49825
2009.33	0.49575
2009.42	0.49775
2009.5	0.505167
2009.58	0.512
2009.67	0.524417
2009.75	0.547583
2009.83	0.562417
2009.92	0.575
2010	0.57825
2010.08	0.584833
2010.17	0.580917
2010.25	0.571
2010.33	0.569417
2010.42	0.572917
2010.5	0.560417
2010.58	0.54
2010.67	0.517667
2010.75	0.495833
2010.83	0.479333
2010.92	0.46275
2011	0.455167
2011.08	0.4465
2011.17	0.4425
2011.25	0.442333
2011.33	0.439083
2011.42	0.419167
2011.5	0.424833
2011.58	0.424417
2011.67	0.4225
2011.75	0.4175
2011.83	0.424417
2011.92	0.439417
2012	0.444583
2012.08	0.44425
2012.17	0.448
2012.25	0.457167
2012.33	0.465333
2012.42	0.48175
2012.5	0.470833
2012.58	0.48425
2012.67	0.500667
2012.75	0.50575
2012.83	0.495417
2012.92	0.491417
2013	0.486833
2013.08	0.48775
2013.17	0.488167
2013.25	0.487333
2013.33	0.484
2013.42	0.493167
2013.5	0.514917
2013.58	0.520167
2013.67	0.505917
2013.75	0.5195
2013.83	0.537583
2013.92	0.5445
2014	0.554833
2014.08	0.557
2014.17	0.568333
2014.25	0.572917
2014.33	0.582833
2014.42	0.569833
2014.5	0.580083
2014.58	0.594333
2014.67	0.6245
2014.75	0.634833
2014.83	0.635333
2014.92	0.643917
2015	0.65375
2015.08	0.6665
2015.17	0.67175
2015.25	0.688
2015.33	0.7055
2015.42	0.7335
2015.5	0.76425
2015.58	0.783333
2015.67	0.8185
2015.75	0.851667
2015.83	0.873667
2015.92	0.873333
2016	0.873417
2016.08	0.877333
2016.17	0.8815
2016.25	0.875917
2016.33	0.855333
2016.42	0.831417
2016.5	0.79775
2016.58	0.7815
2016.67	0.759333
2016.75	0.739917
2016.83	0.72325
2016.92	0.71925
2017	0.710667
2017.08	0.702917
2017.17	0.696583
2017.25	0.68225
2017.33	0.68
2017.42	0.680083
2017.5	0.678417
2017.58	0.663
2017.67	0.636583
2017.75	0.615083
2017.83	0.605917
2017.92	0.599917
2018	0.59425
2018.08	0.5895
2018.17	0.578833
2018.25	0.58225
2018.33	0.591167
2018.42	0.594167
2018.5	0.597333
2018.58	0.612667
2018.67	0.623833
2018.75	0.645417
2018.83	0.658167
2018.92	0.660083
#Data ends
#Number of samples: 2022
#Mean: -0.0907047
e
